SE2
-0.9 -0.9 0 
-1.0639 -0.319546 0.345783 
-1.22779 0.260908 0.691566 
-1.39169 0.841362 1.03735 
-1.55559 1.42182 1.38313 
-1.13467 1.42395 0.965806 
-0.713755 1.42609 0.548482 
-0.783082 0.971794 0.99552 
-0.852409 0.5175 1.44256 
-0.921737 0.0632063 1.8896 
-0.991064 -0.391088 2.33664 
-1.06039 -0.845382 2.78367 
-1.12972 -1.29968 -3.05247 
-1.18981 -0.68283 2.88791 
-1.24989 -0.0659844 2.54512 
-1.30998 0.550861 2.20232 
-1.37007 1.16771 1.85952 
-1.19159 1.33763 2.40567 
-1.01311 1.50754 2.95182 
-0.834637 1.67746 -2.78521 
-1.00213 1.24804 3.08095 
-1.16962 0.818622 2.66391 
-1.33712 0.389201 2.24688 
-1.50461 -0.0402192 1.82985 
-1.6721 -0.46964 1.41282 
-1.8396 -0.89906 0.995787 
-1.7859 -0.748018 0.406371 
-1.7322 -0.596976 -0.183046 
-1.6785 -0.445933 -0.772462 
-1.55324 0.127422 -1.02154 
-1.42797 0.700777 -1.27062 
-1.3034 0.280841 -1.62831 
-1.17883 -0.139096 -1.98599 
-1.05425 -0.559033 -2.34368 
-0.929682 -0.97897 -2.70137 
-0.80511 -1.39891 -3.05905 
-0.8875 -1.42079 -2.14558 
-0.96989 -1.44268 -1.23211 
-1.05228 -1.46456 -0.318632 
-1.28387 -0.876837 0.146372 
-1.51546 -0.28911 0.611376 
-1.28599 0.265965 0.94999 
-1.05652 0.821041 1.28861 
-0.827043 1.37612 1.62722 
-0.59757 1.93119 1.96583 
-0.306975 1.78611 2.32113 
-0.0163807 1.64103 2.67642 
0.0448253 1.40716 1.80912 
0.106031 1.17328 0.941816 
0.167237 0.939408 0.0745143 

